i,A_i,conservation,-,A,C,D,E,F,G,H,I,K,L,M,N,P,Q,R,S,T,V,W,Y
1,M,0.909,0.920,0.000,0.000,0.000,0.000,0.000,0.000,0.000,0.000,0.000,0.000,0.080,0.000,0.000,0.000,0.000,0.000,0.000,0.000,0.000,0.000
2,E,0.878,0.903,0.000,0.000,0.000,0.086,0.000,0.000,0.000,0.000,0.001,0.000,0.000,0.000,0.000,0.001,0.000,0.000,0.006,0.001,0.000,0.000
3,A,0.706,0.717,0.086,0.016,0.000,0.000,0.003,0.000,0.000,0.000,0.000,0.000,0.001,0.000,0.000,0.000,0.000,0.008,0.000,0.166,0.000,0.002
4,I,0.541,0.428,0.004,0.000,0.001,0.003,0.000,0.000,0.001,0.108,0.008,0.019,0.009,0.000,0.000,0.016,0.014,0.000,0.021,0.367,0.000,0.000
5,A,0.667,0.402,0.519,0.001,0.000,0.000,0.000,0.028,0.000,0.000,0.000,0.000,0.000,0.000,0.000,0.000,0.000,0.013,0.024,0.012,0.000,0.000
6,K,0.571,0.394,0.000,0.001,0.000,0.010,0.000,0.000,0.000,0.020,0.062,0.451,0.023,0.002,0.000,0.014,0.006,0.003,0.002,0.011,0.000,0.000
7,Y,0.556,0.392,0.002,0.018,0.001,0.001,0.056,0.008,0.038,0.000,0.001,0.000,0.000,0.001,0.000,0.009,0.003,0.004,0.001,0.001,0.021,0.441
8,D,0.528,0.390,0.011,0.000,0.402,0.014,0.000,0.002,0.002,0.000,0.003,0.000,0.000,0.051,0.055,0.002,0.002,0.054,0.011,0.001,0.000,0.000
9,F,0.617,0.389,0.000,0.000,0.000,0.000,0.336,0.000,0.010,0.000,0.000,0.001,0.000,0.001,0.000,0.000,0.000,0.000,0.000,0.001,0.000,0.260
10,K,0.294,0.388,0.015,0.001,0.051,0.137,0.004,0.001,0.010,0.004,0.038,0.008,0.008,0.027,0.045,0.066,0.015,0.040,0.068,0.073,0.000,0.001
11,A,0.514,0.385,0.370,0.002,0.000,0.001,0.000,0.054,0.000,0.000,0.009,0.001,0.000,0.001,0.069,0.001,0.007,0.085,0.008,0.005,0.000,0.000
12,T,0.314,0.378,0.020,0.002,0.004,0.005,0.005,0.047,0.002,0.040,0.014,0.010,0.025,0.014,0.018,0.023,0.180,0.104,0.081,0.028,0.000,0.001
13,A,0.326,0.341,0.046,0.006,0.021,0.085,0.000,0.165,0.057,0.001,0.014,0.002,0.002,0.056,0.000,0.008,0.007,0.038,0.145,0.004,0.000,0.001
14,D,0.292,0.298,0.063,0.001,0.167,0.158,0.001,0.019,0.011,0.013,0.095,0.004,0.000,0.015,0.062,0.015,0.009,0.043,0.016,0.009,0.000,0.000
15,D,0.265,0.281,0.015,0.006,0.174,0.103,0.000,0.065,0.021,0.001,0.005,0.002,0.005,0.104,0.051,0.046,0.013,0.046,0.060,0.002,0.001,0.001
16,E,0.391,0.248,0.022,0.000,0.297,0.194,0.002,0.002,0.003,0.000,0.001,0.000,0.000,0.005,0.072,0.042,0.000,0.002,0.064,0.044,0.000,0.001
17,L,0.716,0.231,0.002,0.002,0.000,0.000,0.001,0.000,0.000,0.017,0.000,0.708,0.006,0.000,0.019,0.001,0.000,0.001,0.002,0.008,0.000,0.001
18,S,0.350,0.230,0.026,0.031,0.004,0.012,0.001,0.035,0.018,0.019,0.004,0.002,0.001,0.030,0.040,0.022,0.021,0.388,0.107,0.006,0.000,0.001
19,F,0.530,0.228,0.002,0.000,0.000,0.000,0.456,0.000,0.000,0.107,0.000,0.162,0.015,0.000,0.000,0.000,0.000,0.001,0.000,0.022,0.000,0.007
20,K,0.267,0.227,0.006,0.011,0.010,0.061,0.002,0.002,0.036,0.004,0.152,0.010,0.003,0.027,0.000,0.177,0.142,0.030,0.076,0.022,0.001,0.001
21,R,0.428,0.224,0.045,0.002,0.001,0.020,0.001,0.000,0.002,0.025,0.464,0.012,0.019,0.000,0.009,0.014,0.048,0.005,0.091,0.018,0.000,0.001
22,G,0.709,0.223,0.005,0.000,0.029,0.001,0.001,0.707,0.001,0.000,0.000,0.000,0.001,0.021,0.000,0.001,0.001,0.008,0.001,0.000,0.000,0.001
23,D,0.554,0.222,0.012,0.001,0.368,0.350,0.000,0.004,0.003,0.000,0.002,0.000,0.001,0.006,0.000,0.021,0.000,0.007,0.002,0.001,0.000,0.000
24,I,0.251,0.220,0.001,0.001,0.001,0.079,0.034,0.000,0.016,0.085,0.190,0.032,0.009,0.003,0.009,0.053,0.102,0.003,0.035,0.122,0.001,0.004
25,L,0.423,0.218,0.000,0.000,0.000,0.000,0.074,0.000,0.000,0.143,0.000,0.353,0.060,0.000,0.000,0.001,0.000,0.000,0.000,0.066,0.000,0.083
26,K,0.269,0.215,0.003,0.007,0.014,0.240,0.010,0.001,0.024,0.019,0.121,0.015,0.003,0.009,0.000,0.081,0.128,0.012,0.057,0.024,0.001,0.017
27,V,0.516,0.213,0.013,0.000,0.000,0.000,0.001,0.002,0.000,0.313,0.001,0.165,0.002,0.000,0.001,0.000,0.000,0.000,0.001,0.286,0.000,0.001
28,L,0.499,0.213,0.005,0.001,0.001,0.004,0.004,0.001,0.001,0.156,0.002,0.476,0.015,0.001,0.000,0.002,0.001,0.003,0.041,0.070,0.000,0.002
29,N,0.236,0.211,0.015,0.015,0.089,0.132,0.009,0.081,0.010,0.001,0.078,0.001,0.001,0.136,0.003,0.024,0.077,0.103,0.007,0.006,0.000,0.001
30,E,0.175,0.211,0.060,0.002,0.066,0.102,0.003,0.104,0.008,0.005,0.096,0.002,0.032,0.071,0.007,0.021,0.031,0.040,0.022,0.015,0.001,0.102
31,E,0.250,0.209,0.014,0.019,0.165,0.124,0.002,0.009,0.019,0.003,0.008,0.010,0.004,0.128,0.008,0.029,0.010,0.121,0.105,0.007,0.000,0.006
32,C,0.470,0.614,0.028,0.006,0.037,0.022,0.001,0.003,0.028,0.004,0.041,0.018,0.001,0.023,0.092,0.042,0.013,0.010,0.005,0.009,0.000,0.001
33,D,0.409,0.381,0.008,0.002,0.241,0.126,0.000,0.009,0.048,0.000,0.004,0.002,0.000,0.089,0.002,0.030,0.006,0.040,0.011,0.000,0.000,0.000
34,Q,0.310,0.203,0.018,0.003,0.025,0.050,0.001,0.343,0.004,0.010,0.016,0.019,0.005,0.006,0.099,0.033,0.005,0.101,0.046,0.012,0.000,0.001
35,N,0.273,0.201,0.010,0.007,0.208,0.226,0.002,0.029,0.044,0.001,0.003,0.020,0.001,0.085,0.042,0.036,0.004,0.034,0.032,0.002,0.002,0.012
36,W,0.755,0.199,0.000,0.002,0.000,0.000,0.019,0.000,0.000,0.001,0.000,0.001,0.001,0.000,0.000,0.000,0.001,0.001,0.001,0.000,0.755,0.017
37,Y,0.501,0.199,0.002,0.069,0.000,0.000,0.027,0.001,0.001,0.009,0.000,0.012,0.005,0.000,0.000,0.000,0.000,0.040,0.001,0.015,0.524,0.093
38,K,0.297,0.199,0.005,0.000,0.008,0.254,0.023,0.003,0.005,0.004,0.181,0.086,0.016,0.004,0.000,0.051,0.093,0.003,0.032,0.004,0.006,0.023
39,A,0.532,0.198,0.469,0.021,0.000,0.000,0.000,0.151,0.000,0.003,0.000,0.001,0.004,0.000,0.001,0.000,0.001,0.002,0.002,0.146,0.000,0.000
40,E,0.384,0.197,0.006,0.005,0.002,0.095,0.001,0.001,0.038,0.008,0.166,0.015,0.006,0.002,0.002,0.063,0.367,0.007,0.008,0.008,0.000,0.003
41,L,0.292,0.196,0.014,0.006,0.069,0.000,0.002,0.002,0.039,0.030,0.034,0.158,0.011,0.100,0.002,0.007,0.018,0.276,0.028,0.008,0.000,0.001
42,N,0.287,0.197,0.027,0.003,0.029,0.013,0.004,0.014,0.028,0.004,0.077,0.009,0.002,0.063,0.004,0.022,0.033,0.091,0.344,0.014,0.000,0.021
43,G,0.433,0.201,0.005,0.001,0.006,0.005,0.001,0.469,0.005,0.000,0.055,0.011,0.002,0.094,0.006,0.048,0.051,0.034,0.003,0.002,0.000,0.001
44,K,0.233,0.199,0.026,0.008,0.016,0.095,0.001,0.082,0.021,0.005,0.203,0.019,0.006,0.055,0.001,0.130,0.084,0.028,0.009,0.010,0.000,0.003
45,D,0.280,0.196,0.007,0.003,0.009,0.265,0.001,0.003,0.002,0.034,0.043,0.016,0.010,0.009,0.002,0.090,0.021,0.121,0.080,0.088,0.000,0.001
46,G,0.738,0.193,0.002,0.008,0.002,0.000,0.001,0.752,0.000,0.000,0.000,0.000,0.000,0.014,0.000,0.000,0.001,0.016,0.001,0.001,0.000,0.007
47,F,0.411,0.193,0.001,0.004,0.000,0.000,0.177,0.000,0.005,0.015,0.000,0.106,0.008,0.003,0.001,0.000,0.004,0.006,0.006,0.004,0.126,0.339
48,I,0.515,0.192,0.005,0.004,0.000,0.000,0.150,0.001,0.000,0.351,0.000,0.011,0.001,0.000,0.001,0.000,0.001,0.002,0.001,0.279,0.000,0.000
49,P,0.773,0.190,0.008,0.001,0.000,0.001,0.001,0.001,0.002,0.000,0.004,0.002,0.000,0.002,0.779,0.001,0.001,0.005,0.001,0.001,0.000,0.000
50,K,0.393,0.189,0.056,0.031,0.002,0.007,0.008,0.014,0.011,0.009,0.072,0.005,0.002,0.019,0.003,0.015,0.033,0.485,0.015,0.006,0.005,0.014
51,N,0.527,0.189,0.010,0.002,0.039,0.005,0.000,0.007,0.002,0.010,0.005,0.001,0.002,0.563,0.001,0.008,0.003,0.119,0.028,0.006,0.000,0.000
52,Y,0.476,0.187,0.042,0.050,0.001,0.001,0.066,0.001,0.028,0.001,0.012,0.007,0.000,0.004,0.004,0.002,0.006,0.050,0.001,0.003,0.000,0.533
53,I,0.583,0.183,0.004,0.001,0.001,0.000,0.001,0.001,0.000,0.172,0.000,0.057,0.003,0.001,0.001,0.001,0.002,0.001,0.011,0.558,0.001,0.000
54,E,0.284,0.167,0.049,0.002,0.146,0.042,0.002,0.029,0.005,0.002,0.044,0.004,0.002,0.049,0.013,0.018,0.020,0.310,0.086,0.006,0.000,0.004
55,M,0.307,0.124,0.005,0.002,0.002,0.003,0.028,0.002,0.074,0.139,0.034,0.338,0.051,0.001,0.006,0.002,0.014,0.006,0.006,0.052,0.001,0.111
56,K,0.255,0.101,0.023,0.003,0.053,0.353,0.006,0.003,0.018,0.013,0.036,0.014,0.003,0.020,0.003,0.118,0.014,0.090,0.043,0.050,0.001,0.033
57,P,0.126,0.069,0.181,0.010,0.021,0.031,0.012,0.053,0.007,0.021,0.133,0.034,0.015,0.017,0.047,0.036,0.045,0.122,0.077,0.042,0.001,0.026
58,H,0.232,0.053,0.010,0.006,0.008,0.235,0.044,0.007,0.193,0.001,0.077,0.004,0.030,0.027,0.038,0.067,0.022,0.025,0.005,0.003,0.000,0.146
59,P,0.277,0.020,0.021,0.007,0.078,0.227,0.002,0.049,0.005,0.007,0.031,0.036,0.003,0.016,0.246,0.008,0.042,0.178,0.009,0.011,0.001,0.004
60,W,0.903,0.016,0.000,0.002,0.000,0.000,0.002,0.001,0.000,0.002,0.001,0.001,0.001,0.000,0.000,0.002,0.013,0.002,0.001,0.002,0.952,0.001
61,F,0.670,0.015,0.000,0.001,0.000,0.000,0.391,0.000,0.001,0.000,0.000,0.044,0.001,0.000,0.000,0.004,0.000,0.001,0.001,0.001,0.006,0.533
62,F,0.344,0.017,0.176,0.027,0.003,0.000,0.318,0.002,0.219,0.003,0.005,0.010,0.007,0.013,0.000,0.017,0.004,0.025,0.001,0.039,0.018,0.095
63,G,0.512,0.019,0.041,0.001,0.011,0.075,0.000,0.607,0.003,0.000,0.123,0.001,0.000,0.006,0.021,0.005,0.038,0.042,0.007,0.002,0.000,0.000
64,K,0.259,0.013,0.030,0.006,0.082,0.025,0.001,0.086,0.011,0.001,0.182,0.003,0.002,0.248,0.144,0.015,0.068,0.055,0.020,0.005,0.000,0.002
65,I,0.464,0.012,0.018,0.009,0.000,0.000,0.002,0.000,0.000,0.338,0.001,0.184,0.255,0.001,0.000,0.001,0.001,0.001,0.022,0.153,0.001,0.002
66,P,0.403,0.011,0.008,0.003,0.033,0.144,0.000,0.079,0.000,0.001,0.048,0.002,0.001,0.049,0.013,0.005,0.011,0.428,0.164,0.002,0.000,0.000
67,R,0.927,0.010,0.000,0.000,0.000,0.001,0.000,0.011,0.001,0.000,0.009,0.000,0.000,0.000,0.001,0.001,0.964,0.001,0.000,0.001,0.000,0.000
68,A,0.143,0.010,0.070,0.003,0.027,0.047,0.009,0.043,0.042,0.027,0.141,0.052,0.004,0.092,0.010,0.170,0.044,0.130,0.035,0.031,0.001,0.012
69,K,0.346,0.010,0.117,0.001,0.203,0.208,0.001,0.011,0.012,0.003,0.086,0.011,0.002,0.005,0.001,0.268,0.029,0.006,0.014,0.009,0.000,0.003
70,A,0.794,0.010,0.847,0.017,0.000,0.000,0.000,0.002,0.000,0.000,0.000,0.001,0.000,0.000,0.000,0.000,0.000,0.053,0.068,0.001,0.000,0.000
71,E,0.634,0.010,0.007,0.000,0.113,0.733,0.000,0.003,0.001,0.004,0.017,0.006,0.007,0.005,0.000,0.031,0.002,0.006,0.018,0.036,0.000,0.000
72,E,0.196,0.009,0.035,0.010,0.052,0.115,0.002,0.007,0.043,0.003,0.087,0.008,0.006,0.149,0.000,0.073,0.202,0.057,0.021,0.019,0.001,0.099
73,M,0.416,0.009,0.022,0.006,0.001,0.037,0.005,0.002,0.013,0.039,0.034,0.532,0.094,0.002,0.000,0.112,0.044,0.003,0.006,0.019,0.001,0.019
74,L,0.956,0.009,0.000,0.000,0.000,0.000,0.001,0.000,0.000,0.003,0.000,0.979,0.001,0.000,0.000,0.000,0.000,0.000,0.000,0.006,0.000,0.000
75,S,0.292,0.009,0.007,0.004,0.003,0.015,0.003,0.006,0.006,0.031,0.149,0.311,0.136,0.043,0.000,0.063,0.067,0.120,0.013,0.004,0.001,0.007
76,K,0.198,0.009,0.120,0.009,0.021,0.030,0.003,0.063,0.014,0.002,0.044,0.067,0.009,0.081,0.038,0.077,0.099,0.273,0.016,0.008,0.006,0.009
77,Q,0.342,0.405,0.022,0.004,0.013,0.141,0.004,0.171,0.010,0.034,0.016,0.004,0.003,0.016,0.007,0.030,0.034,0.011,0.007,0.062,0.000,0.005
78,R,0.269,0.010,0.015,0.006,0.032,0.006,0.001,0.131,0.096,0.001,0.043,0.055,0.003,0.318,0.099,0.049,0.100,0.014,0.019,0.002,0.000,0.002
79,H,0.150,0.009,0.047,0.014,0.027,0.107,0.004,0.020,0.039,0.112,0.150,0.008,0.007,0.011,0.085,0.054,0.141,0.080,0.030,0.050,0.000,0.005
80,D,0.192,0.009,0.026,0.007,0.198,0.113,0.000,0.016,0.067,0.021,0.008,0.020,0.005,0.149,0.041,0.022,0.095,0.113,0.037,0.052,0.000,0.001
81,G,0.919,0.008,0.001,0.000,0.000,0.001,0.000,0.952,0.000,0.000,0.000,0.001,0.000,0.001,0.000,0.000,0.002,0.033,0.000,0.000,0.000,0.000
82,A,0.399,0.008,0.276,0.024,0.040,0.007,0.006,0.036,0.001,0.006,0.000,0.028,0.006,0.002,0.000,0.001,0.001,0.231,0.284,0.042,0.000,0.001
83,F,0.825,0.008,0.000,0.000,0.000,0.000,0.813,0.000,0.000,0.000,0.000,0.000,0.000,0.000,0.000,0.000,0.000,0.000,0.000,0.000,0.000,0.176
84,L,0.786,0.008,0.000,0.000,0.000,0.000,0.001,0.000,0.000,0.049,0.000,0.840,0.061,0.000,0.000,0.000,0.000,0.000,0.001,0.039,0.000,0.000
85,I,0.713,0.009,0.005,0.000,0.000,0.000,0.001,0.000,0.000,0.424,0.000,0.023,0.001,0.000,0.000,0.000,0.000,0.000,0.000,0.537,0.000,0.000
86,R,0.965,0.008,0.000,0.000,0.000,0.000,0.000,0.000,0.000,0.000,0.000,0.000,0.000,0.000,0.000,0.000,0.985,0.000,0.000,0.000,0.003,0.000
87,E,0.377,0.008,0.018,0.001,0.195,0.459,0.003,0.020,0.038,0.021,0.069,0.005,0.002,0.035,0.033,0.049,0.011,0.004,0.004,0.022,0.001,0.006
88,S,0.731,0.008,0.004,0.019,0.000,0.000,0.000,0.002,0.000,0.000,0.013,0.000,0.000,0.002,0.001,0.000,0.226,0.722,0.002,0.000,0.000,0.000
89,E,0.441,0.168,0.009,0.001,0.007,0.504,0.000,0.005,0.001,0.014,0.006,0.001,0.001,0.007,0.056,0.052,0.007,0.044,0.093,0.022,0.000,0.000
90,S,0.407,0.030,0.107,0.000,0.006,0.007,0.001,0.013,0.011,0.001,0.069,0.001,0.001,0.043,0.002,0.015,0.050,0.385,0.258,0.001,0.000,0.000
91,A,0.211,0.010,0.031,0.016,0.056,0.208,0.008,0.009,0.037,0.024,0.035,0.015,0.004,0.050,0.007,0.055,0.051,0.217,0.146,0.005,0.000,0.015
92,P,0.282,0.009,0.139,0.010,0.006,0.019,0.009,0.025,0.033,0.009,0.195,0.017,0.008,0.013,0.342,0.030,0.043,0.043,0.025,0.019,0.000,0.007
93,G,0.543,0.008,0.017,0.001,0.041,0.095,0.000,0.644,0.007,0.004,0.004,0.001,0.001,0.097,0.001,0.004,0.008,0.029,0.029,0.008,0.000,0.001
94,D,0.216,0.009,0.108,0.026,0.204,0.129,0.007,0.032,0.005,0.004,0.024,0.026,0.018,0.015,0.001,0.110,0.092,0.153,0.021,0.017,0.000,0.001
95,F,0.605,0.008,0.000,0.002,0.000,0.000,0.349,0.000,0.008,0.001,0.000,0.072,0.001,0.001,0.000,0.000,0.053,0.000,0.001,0.001,0.001,0.500
96,S,0.555,0.008,0.268,0.023,0.000,0.000,0.001,0.000,0.000,0.001,0.001,0.000,0.000,0.000,0.000,0.000,0.001,0.478,0.128,0.090,0.000,0.003
97,L,0.652,0.008,0.000,0.000,0.000,0.000,0.000,0.000,0.000,0.413,0.000,0.466,0.012,0.000,0.000,0.000,0.000,0.000,0.000,0.098,0.000,0.000
98,S,0.859,0.007,0.002,0.046,0.000,0.000,0.000,0.000,0.000,0.000,0.000,0.001,0.000,0.000,0.000,0.000,0.000,0.904,0.039,0.001,0.000,0.000
99,V,0.538,0.007,0.006,0.001,0.000,0.000,0.093,0.002,0.000,0.252,0.000,0.191,0.012,0.000,0.001,0.000,0.000,0.000,0.001,0.433,0.000,0.000
100,K,0.482,0.004,0.001,0.007,0.000,0.001,0.039,0.001,0.003,0.001,0.270,0.045,0.001,0.016,0.000,0.006,0.474,0.077,0.005,0.006,0.002,0.041
101,F,0.254,0.003,0.130,0.023,0.239,0.049,0.152,0.022,0.063,0.007,0.003,0.009,0.002,0.010,0.000,0.004,0.011,0.032,0.063,0.011,0.001,0.165
102,G,0.287,0.002,0.017,0.003,0.070,0.216,0.001,0.263,0.020,0.003,0.017,0.008,0.009,0.196,0.017,0.040,0.035,0.040,0.013,0.011,0.014,0.002
103,N,0.295,0.023,0.031,0.003,0.298,0.055,0.004,0.286,0.007,0.003,0.016,0.027,0.011,0.070,0.028,0.013,0.015,0.068,0.016,0.014,0.001,0.010
104,D,0.195,0.001,0.029,0.009,0.081,0.133,0.001,0.027,0.079,0.015,0.188,0.007,0.011,0.053,0.004,0.028,0.166,0.044,0.071,0.054,0.000,0.001
105,V,0.721,0.001,0.011,0.008,0.000,0.000,0.004,0.000,0.000,0.173,0.000,0.003,0.002,0.037,0.004,0.000,0.000,0.001,0.007,0.750,0.000,0.000
106,Q,0.529,0.000,0.000,0.005,0.002,0.024,0.006,0.000,0.005,0.010,0.610,0.004,0.002,0.002,0.000,0.085,0.087,0.049,0.005,0.002,0.002,0.101
107,H,0.969,0.000,0.000,0.000,0.000,0.000,0.000,0.000,0.987,0.000,0.000,0.001,0.000,0.008,0.000,0.001,0.001,0.000,0.001,0.000,0.000,0.000
108,F,0.597,0.000,0.000,0.091,0.000,0.000,0.154,0.000,0.001,0.162,0.000,0.002,0.012,0.000,0.000,0.000,0.000,0.000,0.003,0.001,0.000,0.573
109,K,0.581,0.000,0.001,0.001,0.000,0.001,0.000,0.000,0.050,0.042,0.471,0.005,0.001,0.008,0.000,0.024,0.379,0.001,0.001,0.011,0.002,0.001
110,V,0.771,0.000,0.000,0.001,0.000,0.000,0.001,0.000,0.000,0.679,0.000,0.010,0.000,0.000,0.000,0.000,0.000,0.000,0.001,0.308,0.000,0.000
111,L,0.202,0.001,0.002,0.025,0.001,0.009,0.023,0.002,0.040,0.058,0.099,0.113,0.041,0.139,0.002,0.103,0.223,0.030,0.017,0.055,0.007,0.012
112,R,0.219,0.022,0.010,0.018,0.001,0.152,0.005,0.008,0.016,0.007,0.156,0.006,0.011,0.022,0.011,0.134,0.147,0.066,0.158,0.028,0.001,0.022
113,D,0.277,0.200,0.049,0.001,0.121,0.020,0.001,0.009,0.006,0.011,0.101,0.278,0.020,0.039,0.001,0.010,0.017,0.024,0.081,0.008,0.000,0.001
114,G,0.289,0.025,0.057,0.002,0.370,0.133,0.001,0.034,0.012,0.003,0.041,0.003,0.001,0.035,0.060,0.025,0.031,0.119,0.040,0.009,0.000,0.001
115,A,0.268,0.002,0.031,0.004,0.178,0.109,0.001,0.129,0.005,0.007,0.040,0.006,0.004,0.230,0.018,0.046,0.026,0.140,0.021,0.003,0.000,0.002
116,G,0.471,0.002,0.015,0.004,0.013,0.009,0.001,0.592,0.004,0.005,0.024,0.002,0.002,0.068,0.003,0.030,0.061,0.059,0.012,0.004,0.090,0.000
117,K,0.188,0.002,0.012,0.018,0.005,0.019,0.016,0.228,0.027,0.085,0.178,0.095,0.024,0.018,0.000,0.087,0.053,0.019,0.029,0.032,0.046,0.006
118,Y,0.498,0.002,0.000,0.004,0.000,0.000,0.303,0.000,0.093,0.003,0.000,0.094,0.007,0.000,0.000,0.000,0.000,0.001,0.001,0.097,0.004,0.390
119,F,0.376,0.003,0.002,0.042,0.001,0.002,0.154,0.004,0.031,0.095,0.016,0.019,0.025,0.001,0.000,0.004,0.057,0.014,0.033,0.034,0.001,0.463
120,L,0.570,0.003,0.001,0.001,0.001,0.000,0.002,0.000,0.000,0.471,0.000,0.273,0.004,0.001,0.000,0.001,0.000,0.000,0.091,0.149,0.000,0.000
121,W,0.320,0.003,0.139,0.005,0.039,0.100,0.001,0.175,0.002,0.001,0.002,0.001,0.000,0.024,0.002,0.011,0.001,0.201,0.199,0.004,0.091,0.001
122,V,0.253,0.003,0.144,0.000,0.077,0.195,0.001,0.006,0.006,0.002,0.017,0.004,0.001,0.024,0.123,0.056,0.043,0.119,0.153,0.025,0.000,0.001
123,V,0.321,0.003,0.037,0.001,0.007,0.152,0.001,0.009,0.003,0.003,0.226,0.009,0.005,0.040,0.000,0.053,0.280,0.102,0.030,0.038,0.000,0.001
124,K,0.215,0.006,0.079,0.006,0.003,0.063,0.003,0.001,0.077,0.061,0.285,0.045,0.008,0.013,0.002,0.034,0.064,0.109,0.089,0.029,0.001,0.023
125,F,0.943,0.006,0.000,0.014,0.000,0.000,0.972,0.000,0.001,0.000,0.000,0.002,0.001,0.000,0.000,0.000,0.000,0.001,0.000,0.001,0.000,0.002
126,N,0.212,0.006,0.034,0.014,0.103,0.206,0.002,0.022,0.013,0.003,0.062,0.006,0.001,0.138,0.123,0.038,0.053,0.128,0.036,0.006,0.000,0.005
127,S,0.556,0.006,0.010,0.031,0.034,0.001,0.000,0.029,0.006,0.000,0.002,0.001,0.001,0.063,0.000,0.001,0.001,0.515,0.301,0.000,0.000,0.000
128,L,0.729,0.007,0.000,0.000,0.000,0.000,0.002,0.000,0.000,0.156,0.000,0.751,0.029,0.000,0.000,0.000,0.000,0.000,0.001,0.053,0.000,0.000
129,N,0.175,0.008,0.104,0.002,0.030,0.050,0.004,0.014,0.023,0.023,0.017,0.116,0.029,0.110,0.141,0.155,0.010,0.033,0.018,0.112,0.000,0.001
130,E,0.489,0.008,0.055,0.001,0.174,0.533,0.000,0.006,0.008,0.000,0.063,0.003,0.002,0.005,0.000,0.099,0.009,0.030,0.003,0.000,0.000,0.001
131,L,0.861,0.007,0.000,0.000,0.000,0.000,0.008,0.000,0.000,0.011,0.000,0.909,0.053,0.000,0.000,0.000,0.000,0.000,0.000,0.011,0.000,0.000
132,V,0.734,0.008,0.001,0.000,0.000,0.000,0.000,0.000,0.000,0.227,0.000,0.058,0.001,0.000,0.000,0.000,0.000,0.000,0.000,0.705,0.000,0.000
133,D,0.289,0.008,0.038,0.002,0.104,0.337,0.006,0.005,0.122,0.002,0.062,0.005,0.005,0.096,0.000,0.072,0.014,0.088,0.024,0.004,0.003,0.004
134,Y,0.613,0.009,0.008,0.003,0.000,0.000,0.126,0.000,0.408,0.000,0.001,0.001,0.000,0.004,0.000,0.001,0.001,0.003,0.000,0.000,0.003,0.431
135,H,0.771,0.010,0.000,0.000,0.000,0.000,0.017,0.000,0.231,0.000,0.000,0.001,0.000,0.000,0.000,0.000,0.000,0.000,0.001,0.000,0.000,0.740
136,R,0.345,0.011,0.005,0.008,0.000,0.088,0.000,0.003,0.016,0.004,0.197,0.004,0.018,0.002,0.001,0.208,0.112,0.246,0.075,0.001,0.000,0.001
137,S,0.175,0.012,0.043,0.025,0.020,0.092,0.000,0.018,0.117,0.032,0.219,0.024,0.016,0.025,0.000,0.040,0.069,0.075,0.139,0.027,0.000,0.007
138,T,0.245,0.014,0.053,0.004,0.049,0.019,0.006,0.009,0.303,0.004,0.040,0.020,0.004,0.196,0.009,0.050,0.024,0.041,0.061,0.086,0.000,0.008
139,S,0.380,0.016,0.279,0.003,0.010,0.008,0.003,0.026,0.013,0.001,0.011,0.003,0.001,0.020,0.145,0.011,0.004,0.357,0.026,0.004,0.014,0.046
140,V,0.599,0.503,0.006,0.001,0.002,0.012,0.002,0.001,0.000,0.103,0.000,0.332,0.001,0.002,0.002,0.000,0.000,0.001,0.000,0.031,0.000,0.000
141,S,0.432,0.500,0.032,0.002,0.046,0.002,0.027,0.028,0.001,0.003,0.136,0.001,0.000,0.010,0.000,0.001,0.019,0.081,0.003,0.002,0.000,0.106
142,R,0.312,0.029,0.079,0.001,0.325,0.021,0.001,0.042,0.023,0.002,0.181,0.009,0.002,0.018,0.005,0.005,0.152,0.020,0.076,0.006,0.000,0.003
143,N,0.384,0.026,0.016,0.004,0.020,0.021,0.000,0.490,0.005,0.003,0.093,0.050,0.000,0.031,0.001,0.068,0.005,0.084,0.076,0.007,0.000,0.000
144,Q,0.453,0.029,0.003,0.001,0.008,0.027,0.013,0.006,0.008,0.048,0.027,0.612,0.070,0.002,0.018,0.028,0.025,0.010,0.038,0.029,0.000,0.001
145,Q,0.246,0.043,0.026,0.290,0.164,0.017,0.001,0.009,0.003,0.077,0.094,0.045,0.005,0.006,0.005,0.061,0.035,0.006,0.021,0.089,0.000,0.001
146,I,0.288,0.073,0.010,0.094,0.001,0.001,0.005,0.001,0.043,0.102,0.001,0.131,0.005,0.005,0.001,0.041,0.024,0.036,0.336,0.078,0.000,0.013
147,F,0.239,0.066,0.020,0.016,0.001,0.026,0.051,0.013,0.003,0.008,0.078,0.034,0.007,0.028,0.030,0.027,0.277,0.017,0.242,0.028,0.002,0.025
148,L,0.684,0.062,0.004,0.001,0.001,0.004,0.004,0.000,0.006,0.003,0.004,0.774,0.001,0.004,0.037,0.002,0.002,0.003,0.004,0.004,0.000,0.079
149,R,0.144,0.062,0.033,0.013,0.012,0.019,0.000,0.025,0.070,0.029,0.110,0.060,0.006,0.017,0.104,0.055,0.181,0.024,0.121,0.051,0.002,0.005
150,D,0.134,0.068,0.027,0.028,0.084,0.047,0.039,0.011,0.031,0.065,0.094,0.009,0.004,0.015,0.010,0.032,0.032,0.034,0.054,0.083,0.002,0.233
151,I,0.425,0.072,0.043,0.002,0.004,0.014,0.001,0.017,0.002,0.022,0.020,0.005,0.016,0.056,0.579,0.002,0.030,0.036,0.037,0.036,0.004,0.001
152,E,0.230,0.077,0.121,0.277,0.012,0.079,0.022,0.005,0.003,0.008,0.037,0.020,0.001,0.003,0.044,0.012,0.015,0.026,0.014,0.079,0.000,0.147
153,Q,0.154,0.087,0.023,0.016,0.028,0.063,0.007,0.026,0.026,0.025,0.177,0.052,0.005,0.012,0.196,0.055,0.067,0.055,0.017,0.058,0.001,0.002
154,V,0.184,0.098,0.028,0.002,0.025,0.087,0.005,0.007,0.011,0.011,0.226,0.047,0.015,0.024,0.024,0.063,0.034,0.154,0.102,0.029,0.009,0.001
155,P,0.173,0.133,0.036,0.045,0.010,0.036,0.014,0.027,0.020,0.024,0.031,0.038,0.026,0.007,0.273,0.086,0.096,0.044,0.026,0.022,0.003,0.002
156,Q,0.218,0.294,0.015,0.003,0.021,0.117,0.007,0.038,0.004,0.005,0.081,0.019,0.013,0.104,0.027,0.045,0.102,0.027,0.055,0.016,0.000,0.008
157,Q,0.232,0.265,0.064,0.002,0.005,0.027,0.025,0.006,0.009,0.009,0.161,0.007,0.003,0.026,0.104,0.023,0.076,0.047,0.038,0.103,0.000,0.001
158,P,0.240,0.243,0.037,0.015,0.006,0.031,0.002,0.006,0.004,0.036,0.061,0.016,0.004,0.012,0.243,0.090,0.040,0.047,0.026,0.076,0.000,0.003
159,T,0.155,0.238,0.066,0.051,0.019,0.049,0.006,0.071,0.007,0.018,0.038,0.020,0.023,0.018,0.021,0.052,0.035,0.085,0.134,0.048,0.000,0.002
160,Y,0.272,0.258,0.016,0.002,0.002,0.003,0.020,0.066,0.007,0.032,0.019,0.045,0.006,0.001,0.067,0.021,0.014,0.017,0.291,0.065,0.014,0.035
161,V,0.391,0.246,0.266,0.008,0.000,0.002,0.029,0.003,0.003,0.009,0.010,0.013,0.017,0.004,0.013,0.022,0.013,0.017,0.013,0.303,0.000,0.009
162,Q,0.213,0.233,0.014,0.001,0.005,0.006,0.000,0.104,0.020,0.046,0.116,0.034,0.006,0.003,0.038,0.035,0.114,0.077,0.043,0.106,0.000,0.001
163,A,0.387,0.208,0.421,0.002,0.007,0.016,0.040,0.010,0.009,0.005,0.002,0.107,0.004,0.003,0.098,0.005,0.008,0.017,0.021,0.011,0.004,0.003
164,L,0.201,0.220,0.038,0.001,0.045,0.013,0.001,0.062,0.009,0.054,0.023,0.170,0.030,0.034,0.021,0.037,0.150,0.060,0.018,0.012,0.000,0.000
165,F,0.328,0.215,0.003,0.011,0.007,0.007,0.105,0.001,0.064,0.003,0.027,0.078,0.002,0.005,0.007,0.026,0.020,0.008,0.015,0.015,0.015,0.365
166,D,0.412,0.178,0.007,0.001,0.435,0.060,0.000,0.030,0.001,0.001,0.040,0.001,0.000,0.106,0.004,0.023,0.008,0.096,0.006,0.001,0.000,0.000
167,F,0.263,0.163,0.041,0.000,0.010,0.025,0.296,0.015,0.024,0.011,0.111,0.017,0.008,0.002,0.077,0.007,0.005,0.013,0.004,0.029,0.008,0.133
168,D,0.227,0.172,0.094,0.028,0.025,0.035,0.006,0.005,0.007,0.004,0.086,0.023,0.002,0.035,0.018,0.023,0.046,0.064,0.031,0.007,0.289,0.001
169,P,0.339,0.150,0.302,0.000,0.023,0.236,0.003,0.054,0.001,0.001,0.009,0.004,0.002,0.002,0.055,0.003,0.004,0.055,0.072,0.004,0.015,0.004
170,Q,0.204,0.145,0.013,0.001,0.008,0.034,0.002,0.003,0.011,0.114,0.112,0.029,0.065,0.033,0.030,0.113,0.208,0.018,0.018,0.040,0.000,0.001
171,E,0.388,0.141,0.017,0.000,0.425,0.157,0.001,0.005,0.013,0.001,0.014,0.001,0.002,0.037,0.058,0.019,0.079,0.024,0.004,0.000,0.000,0.001
172,D,0.188,0.139,0.076,0.002,0.056,0.096,0.001,0.023,0.011,0.002,0.029,0.008,0.097,0.010,0.138,0.055,0.175,0.027,0.035,0.020,0.000,0.001
173,G,0.272,0.137,0.015,0.001,0.189,0.083,0.001,0.023,0.003,0.000,0.016,0.005,0.001,0.022,0.001,0.007,0.130,0.081,0.085,0.001,0.198,0.002
174,E,0.548,0.137,0.009,0.001,0.125,0.606,0.005,0.003,0.010,0.000,0.002,0.007,0.003,0.002,0.000,0.036,0.002,0.040,0.006,0.002,0.000,0.002
175,L,0.564,0.138,0.000,0.000,0.000,0.000,0.032,0.000,0.001,0.260,0.000,0.509,0.004,0.000,0.000,0.000,0.004,0.001,0.000,0.015,0.033,0.000
176,G,0.261,0.141,0.020,0.014,0.043,0.054,0.001,0.033,0.012,0.005,0.010,0.001,0.007,0.023,0.172,0.011,0.028,0.244,0.163,0.015,0.000,0.001
177,F,0.418,0.144,0.001,0.001,0.000,0.001,0.267,0.000,0.000,0.037,0.017,0.272,0.076,0.000,0.002,0.000,0.172,0.003,0.001,0.005,0.001,0.000
178,R,0.164,0.147,0.005,0.055,0.038,0.128,0.002,0.012,0.012,0.013,0.130,0.055,0.026,0.036,0.019,0.046,0.167,0.056,0.035,0.014,0.000,0.002
179,R,0.292,0.169,0.020,0.004,0.013,0.166,0.001,0.001,0.069,0.001,0.190,0.004,0.002,0.004,0.002,0.032,0.133,0.152,0.025,0.011,0.000,0.001
180,G,0.310,0.182,0.000,0.001,0.009,0.076,0.005,0.313,0.019,0.046,0.098,0.141,0.001,0.028,0.001,0.026,0.009,0.008,0.027,0.012,0.000,0.000
181,D,0.316,0.195,0.087,0.011,0.271,0.045,0.000,0.001,0.002,0.012,0.107,0.163,0.000,0.002,0.001,0.045,0.026,0.006,0.017,0.007,0.000,0.000
182,F,0.346,0.197,0.001,0.000,0.001,0.002,0.033,0.174,0.001,0.207,0.005,0.192,0.031,0.001,0.001,0.006,0.011,0.002,0.017,0.115,0.001,0.001
183,I,0.320,0.199,0.011,0.004,0.007,0.037,0.001,0.076,0.002,0.233,0.008,0.081,0.011,0.006,0.000,0.006,0.005,0.061,0.019,0.234,0.000,0.000
184,H,0.242,0.180,0.006,0.001,0.015,0.062,0.000,0.172,0.036,0.009,0.232,0.029,0.031,0.007,0.000,0.034,0.083,0.013,0.054,0.029,0.000,0.006
185,V,0.284,0.175,0.002,0.010,0.000,0.005,0.003,0.000,0.003,0.176,0.168,0.026,0.002,0.093,0.001,0.141,0.059,0.006,0.005,0.109,0.000,0.016
186,M,0.386,0.169,0.000,0.000,0.000,0.000,0.098,0.003,0.025,0.058,0.000,0.323,0.005,0.002,0.000,0.001,0.007,0.001,0.011,0.109,0.000,0.188
187,D,0.401,0.180,0.014,0.001,0.109,0.041,0.001,0.404,0.003,0.003,0.021,0.001,0.001,0.020,0.000,0.006,0.007,0.146,0.038,0.006,0.000,0.000
188,N,0.253,0.192,0.086,0.021,0.017,0.095,0.000,0.007,0.012,0.002,0.266,0.013,0.002,0.029,0.001,0.061,0.075,0.050,0.010,0.059,0.000,0.001
189,S,0.275,0.193,0.005,0.004,0.029,0.034,0.000,0.251,0.002,0.087,0.023,0.005,0.018,0.004,0.033,0.057,0.003,0.067,0.011,0.170,0.000,0.001
190,D,0.283,0.188,0.029,0.001,0.177,0.092,0.260,0.004,0.029,0.002,0.016,0.002,0.000,0.023,0.008,0.014,0.034,0.022,0.006,0.002,0.005,0.085
191,P,0.270,0.187,0.019,0.001,0.024,0.090,0.000,0.312,0.005,0.000,0.019,0.039,0.002,0.043,0.040,0.104,0.029,0.028,0.002,0.040,0.001,0.015
192,N,0.426,0.189,0.016,0.003,0.044,0.209,0.003,0.406,0.009,0.000,0.002,0.010,0.003,0.028,0.001,0.045,0.001,0.026,0.002,0.003,0.000,0.001
193,W,0.500,0.189,0.001,0.003,0.000,0.003,0.001,0.000,0.001,0.002,0.058,0.017,0.004,0.000,0.000,0.002,0.012,0.003,0.008,0.319,0.372,0.004
194,W,0.746,0.189,0.000,0.002,0.000,0.000,0.008,0.000,0.002,0.000,0.001,0.007,0.007,0.000,0.000,0.000,0.001,0.000,0.000,0.000,0.757,0.024
195,K,0.346,0.191,0.002,0.001,0.000,0.068,0.001,0.000,0.004,0.003,0.311,0.022,0.131,0.023,0.000,0.024,0.159,0.011,0.030,0.004,0.000,0.013
196,G,0.638,0.243,0.108,0.001,0.008,0.003,0.000,0.607,0.000,0.000,0.015,0.000,0.000,0.008,0.000,0.001,0.002,0.002,0.001,0.001,0.000,0.000
197,A,0.223,0.259,0.010,0.005,0.097,0.170,0.008,0.001,0.011,0.009,0.052,0.049,0.016,0.004,0.000,0.059,0.078,0.022,0.087,0.017,0.002,0.041
198,C,0.262,0.264,0.056,0.035,0.008,0.000,0.007,0.000,0.028,0.056,0.001,0.053,0.003,0.039,0.000,0.001,0.002,0.007,0.045,0.064,0.154,0.174
199,H,0.324,0.272,0.004,0.004,0.051,0.021,0.000,0.107,0.023,0.002,0.071,0.008,0.006,0.296,0.004,0.015,0.063,0.012,0.009,0.002,0.000,0.028
200,G,0.473,0.281,0.002,0.001,0.026,0.011,0.000,0.429,0.003,0.000,0.025,0.000,0.000,0.103,0.000,0.004,0.003,0.011,0.014,0.086,0.000,0.001
201,Q,0.337,0.293,0.091,0.001,0.005,0.009,0.000,0.001,0.028,0.003,0.123,0.004,0.005,0.030,0.001,0.036,0.216,0.027,0.124,0.003,0.000,0.000
202,T,0.377,0.315,0.006,0.002,0.001,0.007,0.001,0.002,0.002,0.165,0.012,0.020,0.006,0.002,0.000,0.071,0.021,0.010,0.188,0.165,0.000,0.001
203,G,0.467,0.383,0.005,0.000,0.003,0.015,0.001,0.279,0.016,0.000,0.194,0.042,0.004,0.002,0.000,0.023,0.021,0.008,0.001,0.000,0.001,0.000
204,M,0.426,0.464,0.014,0.001,0.000,0.000,0.036,0.000,0.003,0.012,0.000,0.062,0.071,0.000,0.000,0.008,0.000,0.011,0.007,0.111,0.172,0.028
205,F,0.667,0.578,0.001,0.000,0.000,0.000,0.318,0.000,0.000,0.077,0.000,0.006,0.013,0.000,0.000,0.000,0.000,0.000,0.000,0.006,0.000,0.001
206,P,0.762,0.624,0.001,0.000,0.000,0.000,0.000,0.000,0.000,0.000,0.004,0.000,0.000,0.001,0.367,0.000,0.001,0.002,0.000,0.000,0.000,0.000
207,R,0.585,0.628,0.111,0.002,0.000,0.002,0.002,0.000,0.000,0.001,0.013,0.006,0.001,0.001,0.010,0.001,0.020,0.153,0.001,0.046,0.000,0.001
208,N,0.601,0.630,0.006,0.000,0.003,0.016,0.000,0.001,0.000,0.001,0.001,0.000,0.000,0.160,0.043,0.001,0.001,0.016,0.116,0.002,0.000,0.000
209,Y,0.750,0.631,0.001,0.002,0.000,0.000,0.010,0.000,0.004,0.000,0.000,0.001,0.000,0.000,0.000,0.000,0.000,0.000,0.000,0.000,0.000,0.350
210,V,0.737,0.632,0.001,0.001,0.000,0.000,0.000,0.000,0.000,0.007,0.000,0.001,0.002,0.000,0.000,0.000,0.000,0.000,0.019,0.337,0.000,0.000
211,T,0.585,0.634,0.012,0.003,0.046,0.200,0.001,0.001,0.006,0.002,0.013,0.001,0.002,0.002,0.000,0.039,0.007,0.005,0.020,0.004,0.000,0.000
212,P,0.624,0.642,0.002,0.000,0.009,0.217,0.000,0.000,0.000,0.002,0.033,0.005,0.000,0.000,0.063,0.007,0.009,0.002,0.002,0.007,0.000,0.000
213,V,0.717,0.794,0.001,0.003,0.000,0.000,0.005,0.000,0.000,0.073,0.000,0.023,0.017,0.000,0.000,0.000,0.000,0.000,0.003,0.049,0.000,0.030
214,N,0.971,0.986,0.000,0.000,0.004,0.002,0.000,0.000,0.000,0.000,0.000,0.000,0.000,0.008,0.000,0.000,0.000,0.000,0.000,0.000,0.000,0.000
215,R,1.000,1.000,0.000,0.000,0.000,0.000,0.000,0.000,0.000,0.000,0.000,0.000,0.000,0.000,0.000,0.000,0.000,0.000,0.000,0.000,0.000,0.000
216,N,1.000,1.000,0.000,0.000,0.000,0.000,0.000,0.000,0.000,0.000,0.000,0.000,0.000,0.000,0.000,0.000,0.000,0.000,0.000,0.000,0.000,0.000
217,V,1.000,1.000,0.000,0.000,0.000,0.000,0.000,0.000,0.000,0.000,0.000,0.000,0.000,0.000,0.000,0.000,0.000,0.000,0.000,0.000,0.000,0.000
