i,A_i,conservation,-,A,C,D,E,F,G,H,I,K,L,M,N,P,Q,R,S,T,V,W,Y
311,P,0.932,0.947,0.000,0.000,0.000,0.000,0.000,0.000,0.000,0.000,0.000,0.000,0.000,0.000,0.053,0.000,0.000,0.000,0.000,0.000,0.000,0.000
312,R,0.867,0.888,0.000,0.000,0.000,0.000,0.000,0.000,0.000,0.000,0.016,0.000,0.000,0.000,0.000,0.001,0.095,0.000,0.000,0.000,0.000,0.000
313,R,0.694,0.793,0.002,0.004,0.010,0.012,0.001,0.000,0.002,0.010,0.020,0.023,0.002,0.002,0.000,0.008,0.009,0.004,0.091,0.008,0.000,0.000
314,I,0.646,0.558,0.000,0.012,0.000,0.000,0.000,0.000,0.000,0.134,0.000,0.014,0.001,0.000,0.000,0.000,0.000,0.000,0.000,0.280,0.000,0.000
315,V,0.391,0.517,0.006,0.007,0.017,0.117,0.014,0.002,0.025,0.017,0.041,0.012,0.003,0.011,0.004,0.025,0.022,0.012,0.094,0.051,0.000,0.003
316,I,0.596,0.481,0.000,0.000,0.000,0.000,0.011,0.000,0.000,0.104,0.000,0.336,0.016,0.000,0.000,0.000,0.000,0.001,0.000,0.050,0.000,0.000
317,H,0.303,0.468,0.014,0.006,0.011,0.078,0.006,0.001,0.049,0.020,0.048,0.015,0.009,0.015,0.021,0.056,0.047,0.025,0.033,0.057,0.011,0.009
318,R,0.570,0.416,0.003,0.002,0.001,0.001,0.001,0.003,0.000,0.001,0.318,0.003,0.003,0.013,0.002,0.003,0.221,0.005,0.002,0.001,0.000,0.000
319,G,0.319,0.391,0.024,0.001,0.085,0.045,0.004,0.176,0.007,0.002,0.051,0.002,0.003,0.044,0.021,0.022,0.017,0.069,0.026,0.006,0.000,0.004
320,S,0.234,0.300,0.044,0.002,0.046,0.051,0.002,0.159,0.014,0.002,0.036,0.010,0.003,0.080,0.052,0.026,0.023,0.099,0.032,0.012,0.000,0.006
321,T,0.168,0.195,0.084,0.002,0.035,0.141,0.004,0.119,0.008,0.010,0.073,0.010,0.017,0.036,0.008,0.058,0.036,0.078,0.054,0.017,0.000,0.014
322,G,0.380,0.111,0.013,0.002,0.024,0.026,0.004,0.509,0.004,0.006,0.033,0.019,0.015,0.009,0.076,0.021,0.023,0.080,0.019,0.003,0.001,0.002
323,L,0.488,0.056,0.002,0.001,0.000,0.000,0.181,0.000,0.001,0.113,0.000,0.511,0.020,0.000,0.000,0.000,0.000,0.001,0.002,0.046,0.026,0.036
324,G,0.909,0.036,0.002,0.000,0.002,0.001,0.001,0.948,0.002,0.000,0.000,0.000,0.000,0.003,0.001,0.001,0.000,0.002,0.001,0.000,0.000,0.001
325,F,0.470,0.032,0.047,0.003,0.000,0.000,0.436,0.000,0.000,0.185,0.001,0.165,0.030,0.000,0.001,0.000,0.000,0.001,0.001,0.098,0.000,0.001
326,N,0.213,0.028,0.096,0.004,0.013,0.052,0.005,0.026,0.022,0.009,0.047,0.011,0.008,0.044,0.001,0.038,0.078,0.274,0.165,0.065,0.001,0.013
327,I,0.520,0.024,0.011,0.001,0.000,0.000,0.035,0.001,0.001,0.432,0.000,0.243,0.008,0.000,0.004,0.000,0.001,0.001,0.006,0.226,0.002,0.003
328,V,0.134,0.021,0.133,0.013,0.026,0.042,0.002,0.030,0.012,0.037,0.058,0.038,0.006,0.016,0.063,0.073,0.113,0.085,0.060,0.165,0.002,0.004
329,G,0.273,0.014,0.050,0.004,0.061,0.050,0.007,0.445,0.005,0.030,0.024,0.014,0.030,0.020,0.033,0.025,0.028,0.087,0.033,0.018,0.006,0.015
330,G,0.225,0.035,0.037,0.003,0.053,0.059,0.012,0.387,0.010,0.022,0.028,0.042,0.011,0.073,0.009,0.022,0.037,0.067,0.034,0.037,0.001,0.020
331,E,0.101,0.081,0.056,0.004,0.095,0.080,0.009,0.027,0.007,0.028,0.141,0.028,0.012,0.060,0.038,0.026,0.088,0.061,0.083,0.058,0.001,0.017
332,D,0.192,0.220,0.037,0.003,0.183,0.123,0.007,0.101,0.012,0.010,0.025,0.010,0.032,0.047,0.015,0.019,0.021,0.061,0.023,0.041,0.006,0.005
333,G,0.145,0.160,0.036,0.003,0.096,0.063,0.008,0.140,0.016,0.004,0.053,0.013,0.008,0.097,0.028,0.032,0.053,0.080,0.082,0.014,0.000,0.013
334,E,0.141,0.043,0.035,0.004,0.079,0.143,0.001,0.159,0.012,0.004,0.061,0.015,0.036,0.045,0.098,0.076,0.039,0.078,0.052,0.016,0.001,0.004
335,G,0.296,0.018,0.033,0.023,0.020,0.013,0.037,0.453,0.029,0.009,0.022,0.018,0.005,0.008,0.135,0.016,0.025,0.053,0.029,0.026,0.002,0.025
336,I,0.332,0.015,0.117,0.021,0.000,0.001,0.012,0.003,0.039,0.321,0.002,0.149,0.009,0.001,0.031,0.025,0.004,0.006,0.025,0.209,0.002,0.007
337,F,0.246,0.004,0.014,0.003,0.000,0.014,0.242,0.002,0.007,0.079,0.052,0.107,0.018,0.002,0.002,0.033,0.062,0.008,0.051,0.127,0.004,0.170
338,I,0.703,0.001,0.004,0.001,0.000,0.000,0.005,0.000,0.000,0.429,0.000,0.026,0.001,0.000,0.000,0.001,0.001,0.001,0.001,0.527,0.000,0.000
339,S,0.173,0.002,0.094,0.010,0.024,0.035,0.003,0.066,0.023,0.034,0.155,0.040,0.008,0.015,0.001,0.038,0.051,0.178,0.136,0.076,0.008,0.004
340,F,0.182,0.001,0.069,0.004,0.075,0.092,0.023,0.061,0.035,0.001,0.132,0.008,0.011,0.050,0.001,0.050,0.136,0.183,0.049,0.005,0.002,0.009
341,I,0.544,0.001,0.010,0.003,0.000,0.000,0.007,0.000,0.000,0.306,0.000,0.122,0.014,0.000,0.054,0.000,0.000,0.002,0.013,0.466,0.000,0.000
342,L,0.127,0.005,0.059,0.001,0.054,0.083,0.039,0.006,0.013,0.151,0.062,0.120,0.039,0.023,0.004,0.041,0.039,0.037,0.077,0.123,0.002,0.024
343,A,0.282,0.006,0.082,0.001,0.081,0.187,0.002,0.011,0.022,0.003,0.120,0.016,0.002,0.016,0.310,0.024,0.042,0.045,0.014,0.011,0.002,0.003
344,G,0.432,0.010,0.021,0.001,0.156,0.044,0.003,0.538,0.011,0.003,0.026,0.010,0.003,0.084,0.008,0.009,0.023,0.024,0.011,0.005,0.001,0.010
345,G,0.585,0.008,0.010,0.002,0.002,0.004,0.003,0.508,0.001,0.000,0.006,0.006,0.004,0.002,0.005,0.015,0.003,0.360,0.055,0.001,0.000,0.003
346,P,0.401,0.002,0.213,0.003,0.007,0.007,0.004,0.013,0.002,0.037,0.026,0.080,0.011,0.005,0.461,0.009,0.009,0.032,0.008,0.064,0.005,0.002
347,A,0.751,0.002,0.852,0.014,0.001,0.001,0.004,0.022,0.000,0.021,0.001,0.012,0.002,0.001,0.001,0.001,0.006,0.025,0.004,0.029,0.001,0.000
348,D,0.247,0.001,0.238,0.013,0.210,0.187,0.020,0.030,0.057,0.015,0.020,0.007,0.009,0.005,0.005,0.046,0.014,0.055,0.007,0.010,0.020,0.030
349,L,0.228,0.038,0.058,0.003,0.020,0.073,0.005,0.010,0.015,0.010,0.210,0.073,0.014,0.020,0.002,0.103,0.251,0.027,0.036,0.029,0.001,0.004
350,S,0.289,0.048,0.328,0.055,0.218,0.036,0.001,0.030,0.010,0.006,0.008,0.011,0.003,0.028,0.003,0.021,0.004,0.103,0.035,0.047,0.005,0.002
351,G,0.746,0.007,0.010,0.001,0.017,0.010,0.001,0.854,0.004,0.000,0.020,0.002,0.001,0.026,0.004,0.018,0.010,0.012,0.002,0.001,0.000,0.000
352,E,0.411,0.482,0.017,0.005,0.003,0.026,0.001,0.010,0.031,0.005,0.091,0.038,0.003,0.012,0.001,0.029,0.194,0.012,0.030,0.008,0.000,0.000
353,L,0.657,0.001,0.002,0.000,0.000,0.000,0.016,0.000,0.000,0.193,0.000,0.656,0.046,0.000,0.000,0.000,0.000,0.000,0.000,0.083,0.000,0.000
354,R,0.252,0.001,0.031,0.020,0.008,0.067,0.011,0.012,0.057,0.011,0.205,0.047,0.017,0.018,0.004,0.163,0.263,0.025,0.010,0.021,0.005,0.005
355,K,0.238,0.000,0.144,0.004,0.009,0.104,0.003,0.009,0.002,0.059,0.045,0.015,0.009,0.005,0.178,0.031,0.050,0.052,0.054,0.225,0.000,0.003
356,G,0.732,0.000,0.011,0.001,0.020,0.011,0.004,0.828,0.004,0.000,0.008,0.007,0.001,0.075,0.000,0.005,0.006,0.006,0.002,0.000,0.001,0.009
357,D,0.854,0.000,0.004,0.001,0.927,0.013,0.002,0.002,0.010,0.000,0.001,0.002,0.013,0.002,0.000,0.006,0.002,0.007,0.002,0.002,0.002,0.002
358,Q,0.249,0.000,0.013,0.025,0.001,0.138,0.017,0.001,0.018,0.098,0.060,0.072,0.011,0.001,0.000,0.134,0.211,0.005,0.014,0.161,0.005,0.016
359,I,0.682,0.000,0.000,0.000,0.000,0.000,0.003,0.000,0.000,0.607,0.000,0.239,0.003,0.000,0.000,0.000,0.000,0.000,0.000,0.148,0.000,0.000
360,L,0.438,0.000,0.008,0.003,0.002,0.010,0.004,0.000,0.005,0.157,0.014,0.426,0.034,0.001,0.000,0.006,0.017,0.008,0.086,0.214,0.001,0.005
361,S,0.283,0.000,0.202,0.012,0.007,0.258,0.012,0.029,0.019,0.001,0.108,0.005,0.019,0.007,0.000,0.053,0.060,0.164,0.021,0.006,0.001,0.015
362,V,0.593,0.000,0.024,0.002,0.000,0.000,0.029,0.000,0.000,0.322,0.000,0.046,0.007,0.000,0.000,0.000,0.000,0.000,0.001,0.529,0.033,0.006
363,N,0.631,0.002,0.018,0.011,0.219,0.020,0.000,0.056,0.001,0.000,0.002,0.000,0.000,0.649,0.000,0.007,0.002,0.010,0.001,0.000,0.000,0.001
364,G,0.534,0.001,0.010,0.001,0.117,0.043,0.001,0.636,0.012,0.000,0.025,0.002,0.001,0.064,0.001,0.026,0.013,0.037,0.008,0.000,0.000,0.002
365,V,0.192,0.000,0.032,0.011,0.016,0.127,0.005,0.008,0.026,0.106,0.107,0.021,0.014,0.016,0.000,0.111,0.073,0.017,0.118,0.180,0.002,0.012
366,D,0.214,0.000,0.052,0.028,0.177,0.043,0.005,0.006,0.003,0.016,0.039,0.031,0.005,0.097,0.145,0.014,0.044,0.224,0.038,0.028,0.001,0.004
367,L,0.446,0.001,0.020,0.010,0.000,0.000,0.038,0.005,0.000,0.128,0.000,0.280,0.037,0.001,0.002,0.000,0.000,0.004,0.092,0.376,0.000,0.003
368,R,0.122,0.002,0.073,0.002,0.062,0.128,0.008,0.017,0.025,0.033,0.072,0.062,0.006,0.025,0.019,0.078,0.114,0.083,0.095,0.079,0.001,0.015
369,N,0.314,0.003,0.031,0.003,0.116,0.055,0.002,0.362,0.025,0.001,0.033,0.005,0.002,0.162,0.006,0.013,0.017,0.099,0.051,0.003,0.002,0.007
370,A,0.145,0.037,0.154,0.017,0.004,0.018,0.029,0.021,0.013,0.050,0.092,0.160,0.124,0.003,0.018,0.013,0.026,0.040,0.024,0.115,0.025,0.017
371,S,0.277,0.127,0.022,0.002,0.049,0.031,0.001,0.027,0.007,0.006,0.030,0.007,0.004,0.030,0.060,0.015,0.050,0.210,0.304,0.016,0.000,0.002
372,H,0.228,0.126,0.020,0.007,0.027,0.020,0.043,0.005,0.349,0.017,0.009,0.114,0.014,0.046,0.017,0.043,0.038,0.026,0.017,0.030,0.001,0.031
373,E,0.158,0.032,0.102,0.005,0.119,0.227,0.012,0.019,0.017,0.011,0.052,0.054,0.010,0.043,0.008,0.079,0.039,0.096,0.043,0.016,0.001,0.017
374,Q,0.285,0.009,0.036,0.001,0.185,0.310,0.010,0.010,0.012,0.006,0.051,0.023,0.004,0.021,0.005,0.176,0.053,0.027,0.035,0.009,0.000,0.016
375,A,0.446,0.004,0.409,0.010,0.001,0.002,0.022,0.005,0.001,0.070,0.001,0.127,0.016,0.004,0.001,0.001,0.005,0.009,0.015,0.282,0.006,0.008
376,A,0.261,0.005,0.097,0.005,0.004,0.020,0.008,0.008,0.009,0.106,0.024,0.060,0.033,0.013,0.008,0.064,0.040,0.035,0.028,0.387,0.005,0.042
377,I,0.163,0.004,0.122,0.002,0.087,0.158,0.003,0.023,0.021,0.014,0.101,0.030,0.008,0.101,0.009,0.093,0.066,0.089,0.041,0.023,0.002,0.002
378,A,0.260,0.004,0.149,0.006,0.002,0.016,0.022,0.007,0.006,0.157,0.046,0.290,0.073,0.004,0.001,0.019,0.042,0.010,0.035,0.090,0.003,0.020
379,L,0.502,0.004,0.017,0.002,0.002,0.002,0.042,0.002,0.000,0.280,0.002,0.478,0.071,0.001,0.000,0.002,0.002,0.006,0.009,0.072,0.002,0.002
380,K,0.290,0.007,0.056,0.002,0.019,0.029,0.002,0.025,0.017,0.010,0.274,0.068,0.007,0.015,0.001,0.090,0.284,0.040,0.035,0.012,0.001,0.007
381,N,0.183,0.014,0.079,0.009,0.046,0.125,0.001,0.161,0.019,0.003,0.078,0.008,0.007,0.111,0.005,0.092,0.080,0.113,0.039,0.006,0.000,0.004
382,A,0.235,0.038,0.239,0.055,0.008,0.020,0.003,0.038,0.007,0.008,0.059,0.012,0.008,0.022,0.188,0.018,0.007,0.156,0.082,0.029,0.000,0.001
383,G,0.347,0.089,0.016,0.008,0.026,0.058,0.001,0.488,0.005,0.002,0.051,0.009,0.003,0.031,0.057,0.035,0.030,0.056,0.023,0.008,0.000,0.004
384,Q,0.166,0.075,0.036,0.001,0.136,0.080,0.001,0.128,0.009,0.004,0.052,0.009,0.002,0.069,0.053,0.070,0.048,0.113,0.106,0.005,0.000,0.004
385,T,0.122,0.082,0.031,0.003,0.023,0.099,0.010,0.007,0.030,0.024,0.106,0.022,0.014,0.029,0.065,0.067,0.067,0.089,0.160,0.065,0.002,0.007
386,V,0.531,0.086,0.035,0.003,0.000,0.000,0.011,0.004,0.001,0.120,0.000,0.138,0.010,0.000,0.002,0.001,0.002,0.002,0.012,0.572,0.000,0.001
387,T,0.162,0.097,0.030,0.006,0.033,0.088,0.002,0.004,0.026,0.016,0.096,0.023,0.010,0.043,0.011,0.038,0.119,0.069,0.217,0.056,0.001,0.016
388,I,0.571,0.107,0.000,0.000,0.000,0.000,0.042,0.000,0.000,0.119,0.000,0.594,0.056,0.000,0.000,0.000,0.000,0.000,0.000,0.081,0.000,0.000
389,I,0.259,0.237,0.006,0.005,0.009,0.055,0.001,0.019,0.008,0.019,0.092,0.092,0.008,0.006,0.000,0.025,0.034,0.024,0.219,0.128,0.001,0.013
390,A,0.654,0.362,0.000,0.000,0.000,0.000,0.000,0.000,0.000,0.192,0.000,0.001,0.000,0.000,0.000,0.000,0.000,0.000,0.000,0.445,0.000,0.000
391,Q,0.996,0.998,0.000,0.000,0.000,0.000,0.000,0.000,0.000,0.000,0.000,0.000,0.000,0.000,0.000,0.002,0.000,0.000,0.000,0.000,0.000,0.000
392,Y,1.000,1.000,0.000,0.000,0.000,0.000,0.000,0.000,0.000,0.000,0.000,0.000,0.000,0.000,0.000,0.000,0.000,0.000,0.000,0.000,0.000,0.000
393,K,1.000,1.000,0.000,0.000,0.000,0.000,0.000,0.000,0.000,0.000,0.000,0.000,0.000,0.000,0.000,0.000,0.000,0.000,0.000,0.000,0.000,0.000
394,P,1.000,1.000,0.000,0.000,0.000,0.000,0.000,0.000,0.000,0.000,0.000,0.000,0.000,0.000,0.000,0.000,0.000,0.000,0.000,0.000,0.000,0.000
